reader_fifo_depth            writer_fifo_depth      phase1    phase2    total_delay    total_fifo_cost
---------------------------  -------------------  --------  --------  -------------  -----------------
9,4,5,4,6,2,1,3,3,4,7,3,6,4  7,5,3,1                 42976    195940         238916                140
8,3,8,1,6,3,2,4,1,6,7,2,6,4  4,8,3,4                 37407    160646         198053                151
8,4,6,2,7,5,1,4,3,6,7,5,6,4  6,6,2,3                 37319    160405         197724                156
7,5,8,3,6,5,1,3,3,8,7,6,5,4  4,7,1,4                 37295    160059         197354                157
8,6,7,2,9,5,1,4,2,8,7,5,6,5  5,5,1,3                 37273    160073         197346                169
9,5,7,2,7,5,1,5,2,7,8,5,6,5  6,6,1,3                 37273    160069         197342                171
9,5,7,2,8,4,1,5,2,7,8,5,6,5  6,6,1,3                 37273    160069         197342                171
9,5,7,2,7,5,1,5,2,7,8,6,6,5  6,6,1,3                 37273    160016         197289                172
