reader_fifo_depth               writer_fifo_depth      phase1    phase2    total_delay    total_fifo_cost
------------------------------  -------------------  --------  --------  -------------  -----------------
6,5,3,4,7,2,3,4,4,2,3,10,2,1    4,4,6,2                  5315     13358          18673                120
3,3,8,1,1,3,3,2,2,9,6,5,7,5     5,4,2,1                  4689     13376          18065                127
7,4,10,4,7,2,1,1,5,1,4,4,6,4    5,1,7,1                  4709     20817          25526                129
7,5,4,4,5,2,7,2,10,1,4,8,2,1    9,3,5,4                  5278     13377          18655                132
9,3,7,2,5,3,1,3,1,10,1,3,6,6    8,5,1,2                  2722     12515          15237                145
9,3,7,3,5,4,1,3,1,10,2,2,7,6    8,6,1,1                  4672     13176          17848                148
9,4,7,2,7,4,1,3,1,6,7,4,5,6     6,6,1,2                  2713     12495          15208                150
9,3,6,1,8,4,2,3,2,10,1,3,6,6    7,5,1,3                  2695     12575          15270                152
10,4,7,2,4,4,1,2,1,10,7,4,6,6   6,6,1,2                  2683     12523          15206                153
7,6,5,5,4,1,2,4,4,5,9,7,3,2     5,4,6,6                  2903     12529          15432                155
9,2,7,2,7,5,1,4,1,10,1,3,6,7    8,7,1,2                  2721     12533          15254                155
9,4,6,2,8,4,1,2,1,9,2,3,7,6     9,6,2,2                  2692     12631          15323                155
9,6,5,1,4,5,2,1,1,8,5,3,6,6     7,6,3,3                  2679     20151          22830                156
10,5,8,2,6,3,1,2,1,9,7,1,6,6    7,6,1,2                  2680     13296          15976                156
10,2,7,3,6,6,2,5,1,9,1,2,6,7    8,6,1,1                  6591     13751          20342                156
8,7,6,1,2,4,5,3,3,6,7,4,4,4     6,5,4,4                  2701     12564          15265                157
10,5,8,2,1,3,1,2,2,7,7,4,6,6    7,5,2,3                  2669     12567          15236                157
10,5,8,2,6,3,1,2,1,9,7,2,6,6    7,6,1,2                  2680     12532          15212                157
10,4,8,2,7,3,1,1,2,9,7,1,7,8    7,5,1,1                  4700     20908          25608                157
9,5,7,3,3,4,1,1,1,10,7,5,8,6    6,7,1,1                  4689     20790          25479                157
9,4,10,2,5,3,2,2,2,7,6,4,6,6    8,5,2,3                  2685     12611          15296                158
9,3,7,2,7,5,1,4,1,10,1,3,6,7    8,6,1,2                  2722     12509          15231                158
5,5,2,9,4,3,4,8,8,1,5,7,3,3     8,1,6,4                  2800     12485          15285                160
9,4,7,2,4,4,1,2,1,10,8,4,6,8    6,6,1,2                  2710     12523          15233                160
10,5,7,1,7,3,1,3,1,10,1,5,6,7   6,5,1,2                  2674     12574          15248                160
7,6,1,9,4,2,1,6,7,1,6,3,7,2     7,4,10,2                 2764     12538          15302                161
9,4,1,1,7,4,4,3,3,7,5,2,5,7     6,7,4,4                  2684     12796          15480                161
8,4,10,4,7,3,2,4,6,1,5,8,5,5    5,1,6,4                  2724     12483          15207                162
6,3,2,7,3,5,6,8,6,3,3,8,3,5     9,2,4,4                  2846     12469          15315                162
10,6,8,1,5,3,1,1,1,8,7,2,8,6    5,8,1,2                  2671     20160          22831                162
10,5,8,2,6,3,1,4,1,10,1,5,6,7   8,6,1,1                  6602     13702          20304                164
10,6,1,10,5,1,2,5,7,1,7,9,1,6   7,4,7,3                  3972     12903          16875                165
5,5,4,9,6,4,4,8,8,2,5,7,2,3     8,1,6,5                  2856     12485          15341                166
9,5,7,2,3,4,1,3,1,10,7,4,7,7    6,6,1,2                  2692     12495          15187                166
10,4,6,3,5,2,1,2,1,8,2,4,8,8    6,6,2,3                  2666     12613          15279                166
7,7,2,9,4,4,5,6,8,3,5,5,6,3     7,2,3,2                  2864     12502          15366                167
10,4,9,5,6,4,6,3,5,2,7,7,1,6    5,1,2,8                  3983     12952          16935                167
9,7,5,1,3,4,3,3,3,6,6,4,5,6     6,5,3,4                  2672     12565          15237                167
10,5,7,3,7,2,1,3,1,9,1,3,7,8    7,5,1,2                  2670     12503          15173                167
10,5,9,2,6,3,2,2,2,8,6,3,6,7    7,6,2,3                  2669     12612          15281                168
10,4,6,4,6,2,1,3,1,10,1,4,7,8   6,5,2,3                  2666     12522          15188                168
10,4,7,3,6,3,2,3,2,10,1,4,7,8   7,5,2,2                  2671     12554          15225                168
6,10,1,2,1,4,4,3,9,4,3,6,2,9    1,10,8,2                 2776     13266          16042                169
10,7,8,2,4,3,2,2,2,7,7,4,5,6    7,5,3,4                  2660     12533          15193                170
10,5,7,3,7,3,1,3,1,10,1,5,7,8   6,5,1,2                  2670     12491          15161                170
1,9,8,8,8,1,4,2,9,7,4,1,4,4     8,7,9,5                  2654     14062          16716                172
3,1,7,6,1,3,10,3,2,5,10,3,7,8   3,8,4,7                  2631     12932          15563                172
9,3,7,2,7,7,1,4,1,10,2,3,7,8    9,7,2,2                  2704     12551          15255                172
9,5,8,3,8,2,1,2,1,9,1,3,8,9     5,5,1,3                  2685     12500          15185                173
9,5,7,1,3,10,1,3,1,10,7,4,7,7   7,8,1,2                  2689     12571          15260                174
10,4,8,1,4,5,1,3,2,9,6,4,9,7    6,6,2,2                  2685     12629          15314                174
7,7,2,9,4,4,5,7,8,3,5,5,5,3     8,1,3,4                  2721     12476          15197                175
1,7,7,6,2,2,3,7,4,1,6,9,6,5     4,2,7,5                  2740     13226          15966                175
10,5,8,3,7,2,1,3,2,9,2,5,7,9    6,5,1,2                  2670     12531          15201                175
10,6,7,3,8,2,2,2,1,9,3,2,8,9    7,4,1,2                  2669     12569          15238                177
10,4,6,4,6,2,2,1,2,9,8,4,7,10   7,5,2,3                  2666     20174          22840                177
7,4,10,4,7,6,3,6,7,1,8,8,8,5    5,1,1,3                  2756     12484          15240                179
8,3,5,1,6,10,2,4,6,10,7,2,7,4   6,3,9,6                  2803     12572          15375                179
8,5,4,1,8,3,8,5,3,3,9,5,3,5     2,3,2,10                 2740     12553          15293                179
8,6,6,3,10,2,1,3,1,10,1,3,9,8   5,5,1,3                  2705     12480          15185                180
10,7,9,1,3,5,3,3,3,6,6,4,5,8    6,5,2,4                  2652     12613          15265                181
9,6,6,3,9,2,1,3,1,10,1,3,9,8    5,5,1,3                  2687     12480          15167                181
10,5,9,2,6,4,2,4,1,7,7,3,5,7    7,7,3,5                  2677     12503          15180                182
5,3,7,2,3,4,5,8,2,6,6,1,7,2     1,10,10,9                2806     14032          16838                183
9,5,6,3,3,3,5,10,4,1,7,7,3,4    4,1,5,7                  2668     12488          15156                183
9,2,7,5,3,4,5,8,1,6,4,6,5,7     6,4,3,6                  2808     12511          15319                184
6,9,5,1,2,3,7,2,4,2,9,6,8,4     1,2,6,8                  2737     13432          16169                184
8,6,6,4,9,2,2,3,1,10,1,3,9,9    5,4,1,3                  2705     12500          15205                184
8,6,5,4,10,2,1,3,1,10,1,3,9,9   5,5,1,3                  2705     12480          15185                184
7,3,8,2,4,1,6,9,6,8,6,10,1,3    4,10,8,9                 3987     12891          16878                187
4,1,7,5,2,5,1,10,3,7,4,6,6,2    10,8,10,9                2627     12842          15469                188
8,8,6,3,2,2,5,9,2,5,8,8,2,4     3,3,5,7                  2763     12496          15259                188
8,6,6,3,9,2,2,5,2,9,2,3,9,8     5,4,1,3                  2705     12520          15225                188
8,6,5,4,3,5,4,9,2,4,8,6,6,4     3,1,4,6                  2781     12489          15270                189
2,8,8,6,8,5,6,5,1,2,1,7,4,6     10,3,5,8                 2817     12467          15284                190
8,6,4,10,5,8,9,7,5,10,8,3,10,1  6,5,1,1                  5502     13408          18910                190
8,8,7,2,1,3,10,5,5,7,7,8,5,6    6,7,4,3                  2700     12469          15169                191
7,7,7,5,2,2,6,10,4,9,6,9,2,3    4,2,6,7                  2855     12507          15362                192
8,8,6,3,2,1,5,9,4,5,8,9,3,4     3,3,5,7                  2691     12476          15167                194
6,10,8,3,1,3,5,7,5,7,10,8,3,2   1,2,5,9                  2787     13212          15999                194
10,5,7,4,6,9,1,3,1,10,1,4,10,9  6,4,9,1                  4671     13133          17804                194
10,6,10,3,8,1,1,9,6,3,10,7,4,4  2,1,8,6                  2808     12472          15280                196
8,8,6,3,2,1,5,9,4,5,8,9,3,4     3,6,5,7                  2695     12476          15171                197
9,8,9,3,2,2,3,10,7,1,4,8,5,4    3,2,4,6                  2790     12493          15283                198
9,2,6,3,3,7,7,10,4,2,7,9,5,7    4,2,3,7                  2731     12510          15241                199
10,8,7,2,1,4,4,10,3,5,7,6,4,5   5,3,4,5                  2678     12478          15156                199
10,4,5,8,10,3,7,7,6,3,5,4,5,7   7,6,8,4                  2681     12481          15162                200
9,7,9,7,9,6,8,7,8,4,2,5,5,5     9,1,2,4                  2691     12527          15218                200
9,9,6,3,3,1,5,9,3,6,9,10,4,2    2,1,5,8                  2681     12469          15150                200
10,8,7,2,1,4,4,10,3,5,7,7,4,5   5,3,4,5                  2678     12480          15158                200
4,7,6,4,5,5,8,8,9,4,5,9,4,6     2,9,7,5                  2785     12492          15277                201
10,8,6,2,1,6,5,10,2,5,8,6,4,5   4,4,5,5                  2678     12482          15160                202
3,1,3,2,10,9,7,9,9,2,9,6,9,9    4,2,3,5                  2722     12879          15601                204
8,7,3,8,4,7,3,6,10,3,6,4,4,10   8,5,7,3                  2696     12481          15177                204
9,9,1,6,5,3,2,4,10,4,6,8,4,10   10,3,5,4                 2687     12472          15159                205
8,9,8,4,3,1,6,9,3,4,8,10,4,3    3,5,3,8                  2716     12465          15181                206
9,9,3,7,9,4,4,10,5,4,6,5,7,4    5,1,4,3                  2683     12479          15162                207
4,10,8,6,2,2,1,9,7,8,1,10,9,3   2,2,4,6                  2913     12488          15401                209
9,10,4,2,1,2,4,10,5,6,7,9,3,5   4,3,5,7                  2669     12482          15151                210
9,9,9,9,9,9,9,9,9,9,9,9,9,9     9,9,9,9                  2685     12468          15153                306
