reader_fifo_depth               writer_fifo_depth      phase1    phase2    total_delay    total_fifo_cost
------------------------------  -------------------  --------  --------  -------------  -----------------
6,5,3,4,7,2,3,4,4,2,3,10,2,1    4,4,6,2                  5315     13358          18673                 72
8,8,1,1,9,3,1,9,8,3,1,2,1,2     1,5,9,1                  4927     14079          19006                 73
7,4,10,4,7,2,1,1,5,1,4,4,6,4    5,1,7,1                  4709     20817          25526                 74
9,6,5,1,4,5,2,1,1,8,5,3,6,6     7,6,3,3                  2679     20151          22830                 81
3,7,8,2,5,3,2,4,1,6,6,4,5,6     7,8,1,3                  2829     12488          15317                 81
3,7,9,2,5,3,2,4,1,6,6,4,5,6     7,8,1,3                  2829     12488          15317                 82
2,5,9,2,5,4,2,4,1,6,5,3,5,6     7,9,3,4                  2878     12487          15365                 82
7,5,4,4,5,2,7,2,10,1,4,8,2,1    9,3,5,4                  5278     13377          18655                 83
8,7,6,1,2,4,5,3,3,6,7,4,4,4     6,5,4,4                  2701     12564          15265                 83
9,7,5,1,3,4,3,3,3,6,6,4,5,6     6,5,3,4                  2672     12565          15237                 83
9,4,1,1,7,4,4,3,3,7,5,2,5,7     6,7,4,4                  2684     12796          15480                 83
3,2,1,10,2,5,8,8,4,5,4,3,1,5    1,9,7,6                  3982     13624          17606                 84
1,6,5,9,10,1,2,4,3,5,5,2,3,6    7,4,5,6                  2846     13241          16087                 84
1,7,7,6,2,2,3,7,4,1,6,9,6,5     4,2,7,5                  2740     13226          15966                 84
6,10,1,2,1,4,4,3,9,4,3,6,2,9    1,10,8,2                 2776     13266          16042                 85
7,6,1,9,4,2,1,6,7,1,6,3,7,2     7,4,10,2                 2764     12538          15302                 85
6,9,5,1,2,3,7,2,4,2,9,6,8,4     1,2,6,8                  2737     13432          16169                 85
7,6,5,5,4,1,2,4,4,5,9,7,3,2     5,4,6,6                  2903     12529          15432                 85
2,7,8,1,6,3,1,3,2,8,7,5,6,7     8,8,1,2                  2859     12574          15433                 85
5,5,2,9,4,3,4,8,8,1,5,7,3,3     8,1,6,4                  2800     12485          15285                 86
6,3,2,7,3,5,6,8,6,3,3,8,3,5     9,2,4,4                  2846     12469          15315                 87
9,5,6,3,3,3,5,10,4,1,7,7,3,4    4,1,5,7                  2668     12488          15156                 87
8,5,4,1,8,3,8,5,3,3,9,5,3,5     2,3,2,10                 2740     12553          15293                 87

8,4,10,4,7,3,2,4,6,1,5,8,5,5    5,1,6,4                  2724     12483          15207                 88

7,7,2,9,4,4,5,6,8,3,5,5,6,3     7,2,3,2                  2864     12502          15366                 88
8,6,5,4,3,5,4,9,2,4,8,6,6,4     3,1,4,6                  2781     12489          15270                 88
10,7,8,2,4,3,2,2,2,7,7,4,5,6    7,5,3,4                  2660     12533          15193                 88
9,6,10,1,4,3,1,2,2,7,6,4,7,8    7,5,2,4                  2680     12682          15362                 88
7,7,2,9,4,4,5,7,8,3,5,5,5,3     8,1,3,4                  2721     12476          15197                 90
9,8,9,3,2,2,3,10,7,1,4,8,5,4    3,2,4,6                  2790     12493          15283                 90
8,8,6,3,2,2,5,9,2,5,8,8,2,4     3,3,5,7                  2763     12496          15259                 90
10,7,9,1,3,5,3,3,3,6,6,4,5,8    6,5,2,4                  2652     12613          15265                 90
4,6,10,10,4,3,3,2,2,7,7,3,6,6   6,6,3,2                  2785     12575          15360                 90
5,3,7,2,3,4,5,8,2,6,6,1,7,2     1,10,10,9                2806     14032          16838                 91
3,1,7,6,1,3,10,3,2,5,10,3,7,8   3,8,4,7                  2631     12932          15563                 91
10,4,9,5,6,4,6,3,5,2,7,7,1,6    5,1,2,8                  3983     12952          16935                 91
9,2,7,5,3,4,5,8,1,6,4,6,5,7     6,4,3,6                  2808     12511          15319                 91
10,6,1,10,5,1,2,5,7,1,7,9,1,6   7,4,7,3                  3972     12903          16875                 92
5,5,4,9,6,4,4,8,8,2,5,7,2,3     8,1,6,5                  2856     12485          15341                 92
8,8,6,3,2,1,5,9,4,5,8,9,3,4     3,3,5,7                  2691     12476          15167                 93
10,8,7,2,1,4,4,10,3,5,7,6,4,5   5,3,4,5                  2678     12478          15156                 93
1,4,2,9,1,5,10,5,7,4,10,8,4,4   9,5,4,2                  2648     13225          15873                 94
4,10,8,6,2,2,1,9,7,8,1,10,9,3   2,2,4,6                  2913     12488          15401                 94
7,4,10,4,7,6,3,6,7,1,8,8,8,5    5,1,1,3                  2756     12484          15240                 94
10,8,7,2,1,4,4,10,3,5,7,7,4,5   5,3,4,5                  2678     12480          15158                 94
8,5,2,5,9,4,8,7,7,6,4,1,4,5     6,9,2,3                  2720     13293          16013                 95
2,8,8,6,8,5,6,5,1,2,1,7,4,6     10,3,5,8                 2817     12467          15284                 95
9,9,6,3,3,1,5,9,3,6,9,10,4,2    2,1,5,8                  2681     12469          15150                 95
6,10,8,3,1,3,5,7,5,7,10,8,3,2   1,2,5,9                  2787     13212          15999                 95
8,8,6,3,2,1,5,9,4,5,8,9,3,4     3,6,5,7                  2695     12476          15171                 96
9,10,4,2,1,2,4,10,5,6,7,9,3,5   4,3,5,7                  2669     12482          15151                 96
10,8,6,2,1,6,5,10,2,5,8,6,4,5   4,4,5,5                  2678     12482          15160                 96
9,2,6,3,3,7,7,10,4,2,7,9,5,7    4,2,3,7                  2731     12510          15241                 97
7,7,7,5,2,2,6,10,4,9,6,9,2,3    4,2,6,7                  2855     12507          15362                 98
1,9,8,8,8,1,4,2,9,7,4,1,4,4     8,7,9,5                  2654     14062          16716                 99
8,3,5,1,6,10,2,4,6,10,7,2,7,4   6,3,9,6                  2803     12572          15375                 99
8,9,8,4,3,1,6,9,3,4,8,10,4,3    3,5,3,8                  2716     12465          15181                 99
10,6,10,3,8,1,1,9,6,3,10,7,4,4  2,1,8,6                  2808     12472          15280                 99
9,9,3,7,9,4,4,10,5,4,6,5,7,4    5,1,4,3                  2683     12479          15162                 99
4,1,7,5,2,5,1,10,3,7,4,6,6,2    10,8,10,9                2627     12842          15469                100
3,1,3,2,10,9,7,9,9,2,9,6,9,9    4,2,3,5                  2722     12879          15601                102
8,8,7,2,1,3,10,5,5,7,7,8,5,6    6,7,4,3                  2700     12469          15169                102
9,9,1,6,5,3,2,4,10,4,6,8,4,10   10,3,5,4                 2687     12472          15159                103
5,9,3,3,1,10,9,6,4,9,3,5,7,4    10,2,10,5                2826     12475          15301                105
7,3,8,2,4,1,6,9,6,8,6,10,1,3    4,10,8,9                 3987     12891          16878                105
8,9,3,10,5,3,10,10,4,5,4,1,6,8  5,3,2,10                 2696     13288          15984                106
8,7,3,8,4,7,3,6,10,3,6,4,4,10   8,5,7,3                  2696     12481          15177                106
10,10,8,5,6,4,10,4,6,6,5,3,8,6  7,3,3,3                  2652     12490          15142                107
8,6,4,10,5,8,9,7,5,10,8,3,10,1  6,5,1,1                  5502     13408          18910                107
9,7,9,7,9,6,8,7,8,4,2,5,5,5     9,1,2,4                  2691     12527          15218                107
4,7,6,4,5,5,8,8,9,4,5,9,4,6     2,9,7,5                  2785     12492          15277                107
10,4,5,8,10,3,7,7,6,3,5,4,5,7   7,6,8,4                  2681     12481          15162                109
2,7,5,10,10,6,9,7,6,9,8,9,1,6   4,4,7,4                  3983     12901          16884                114
9,3,9,10,5,10,6,8,2,8,6,6,5,7   8,8,4,8                  2709     12469          15178                122
9,9,9,9,9,9,9,9,9,9,9,9,9,9     9,9,9,7                  2665     12477          15142                160
9,9,9,9,9,9,9,9,9,9,9,9,9,9     9,9,9,8                  2678     12464          15142                161
